dataset: 
  name: cifar10
  mean: [0.49139968, 0.48215841, 0.44653091]
  std: [0.24703223, 0.24348513, 0.26158784]
  num_classes: 10
  input_size: 32